Cs: 55, l=0, with delta_6
  delta_0 (asymptote): 4.0510446190 ± 0.0001767085
  delta_2: 0.4686070408 ± 0.0815067295
  delta_4: -23.9945950160 ± 6.1337202533
  delta_6: 3940.7709991681 ± 110.6086535918

Cs: 55, l=0, without delta_6
  delta_0 (asymptote): 4.0547299518 ± 0.0008509668
  delta_2: -2.1066883826 ± 0.2237092545
  delta_4: 191.0985706128 ± 6.4385339953
Cs: 55, l=0, with delta_6, delete n=5 value
  delta_0 (asymptote): 4.0506018172 ± 0.0001313519
  delta_2: 0.8606151875 ± 0.0770080310
  delta_4: -73.3216421179 ± 8.0701456031
  delta_6: 5313.3530114018 ± 207.9259500027